# report_at,lat,lon,elev,dir,active,gps
2013-05-29 20:01:35,44.0349998,-92.4769974,929,182,0,1
2013-05-29 20:03:38,44.0349998,-92.4769974,929,182,0,1
2013-05-29 20:05:40,44.0349998,-92.4769974,929,182,0,1
2013-05-29 20:07:47,44.0359993,-92.4660034,866,102,0,1
2013-05-29 20:09:50,44.0320015,-92.4629974,890,180,0,1
2013-05-29 20:11:49,44.0270004,-92.4629974,882,177,0,1
2013-05-29 20:13:53,44.0180016,-92.4629974,914,180,0,1
2013-05-29 20:15:55,44.0070000,-92.4629974,913,183,0,1
2013-05-29 20:17:57,44.0070000,-92.4609985,903,90,0,1
2013-05-29 20:19:58,44.0070000,-92.4499969,915,84,0,1
2013-05-29 20:22:00,44.0099983,-92.4380035,917,69,0,1
2013-05-29 20:24:02,44.0120010,-92.4029999,974,93,0,1
2013-05-29 20:26:01,44.0089989,-92.3759995,984,104,0,1
2013-05-29 20:28:02,44.0029984,-92.3399963,1011,92,0,1
2013-05-29 20:30:03,44.0000000,-92.3059998,1096,108,0,1
2013-05-29 20:32:03,43.9990005,-92.2779999,1193,90,0,1
2013-05-29 20:34:07,43.9990005,-92.2470016,1185,90,0,1
2013-05-29 20:36:11,43.9980011,-92.2470016,1181,328,0,1
2013-05-29 20:38:12,43.9980011,-92.2470016,1181,328,0,1
2013-05-29 20:40:13,43.9990005,-92.2630005,1188,272,0,1
2013-05-29 20:56:35,44.0000000,-92.3119965,1024,0,0,1
2013-05-29 21:04:58,44.0050011,-92.4469986,0,0,0,0
2013-05-29 21:07:02,44.0050011,-92.4479980,0,0,0,0
2013-05-29 21:08:58,44.0019989,-92.4739990,0,0,0,0
2013-05-29 21:20:50,44.0070000,-92.4580002,0,0,0,0
2013-05-29 21:50:31,44.0349998,-92.4769974,0,0,0,0
2013-05-30 03:41:14,44.0349998,-92.4769974,959,0,0,1
2013-05-30 03:43:15,44.0349998,-92.4769974,959,0,0,1
2013-05-30 09:54:48,44.0029984,-92.4800034,0,0,0,0
2013-05-30 13:14:00,44.0029984,-92.4800034,0,0,0,0
2013-05-30 19:25:21,44.0029984,-92.4800034,0,0,0,0
2013-05-30 20:07:24,44.0029984,-92.4800034,0,0,0,0
2013-05-30 20:09:25,44.0029984,-92.4800034,0,0,0,0
2013-05-30 20:37:54,44.0349998,-92.4769974,0,0,0,0
2013-05-30 20:39:55,44.0349998,-92.4769974,0,0,0,0
2013-05-30 20:41:56,44.0349998,-92.4769974,0,0,0,0
2013-05-30 21:03:20,44.0349998,-92.4769974,0,0,0,0
2013-05-30 21:19:16,44.0349998,-92.4769974,0,0,0,0
2013-05-30 21:21:18,44.0349998,-92.4769974,1145,0,0,1
2013-05-30 21:23:19,44.0349998,-92.4769974,1145,0,0,1
2013-05-30 21:40:02,44.0349998,-92.4769974,1145,0,0,1
2013-05-30 22:00:43,44.0349998,-92.4769974,1145,0,0,1
2013-05-30 22:02:45,44.0349998,-92.4769974,1145,0,0,1
2013-05-30 22:04:46,44.0349998,-92.4769974,1145,0,0,1
2013-05-30 22:06:47,44.0349998,-92.4769974,1145,0,0,1
2013-05-30 22:08:48,44.0349998,-92.4769974,1145,0,0,1
2013-05-30 22:10:49,44.0349998,-92.4769974,1145,0,0,1
2013-05-30 22:12:50,44.0349998,-92.4769974,1145,0,0,1
2013-05-30 22:14:51,44.0349998,-92.4769974,1145,0,0,1
2013-05-30 22:16:52,44.0349998,-92.4769974,1145,0,0,1
2013-05-30 22:18:56,44.0349998,-92.4769974,1145,0,0,1
2013-05-30 22:20:57,44.0349998,-92.4769974,1145,0,0,1
2013-05-30 22:22:58,44.0349998,-92.4769974,1145,0,0,1
2013-05-30 22:24:56,44.0349998,-92.4769974,1145,0,0,1
2013-05-30 22:26:57,44.0349998,-92.4769974,1145,0,0,1
2013-05-30 22:28:58,44.0349998,-92.4769974,1145,0,0,1
2013-05-30 22:30:59,44.0349998,-92.4769974,1145,0,0,1
2013-05-30 22:33:00,44.0349998,-92.4769974,1145,0,0,1
2013-05-30 22:35:01,44.0349998,-92.4769974,1145,0,0,1
2013-05-30 22:37:02,44.0349998,-92.4769974,1145,0,0,1
2013-05-30 22:39:06,44.0349998,-92.4769974,1145,0,0,1
2013-05-30 22:41:07,44.0349998,-92.4769974,1145,0,0,1
2013-05-30 22:43:10,44.0349998,-92.4769974,1145,0,0,1
2013-05-30 22:45:06,44.0349998,-92.4769974,1145,0,0,1
2013-05-30 22:52:47,44.0349998,-92.4769974,773,0,0,1
2013-05-30 23:00:26,44.0349998,-92.4769974,773,0,0,1
2013-05-30 23:02:26,44.0349998,-92.4769974,773,0,0,1
2013-05-30 23:04:27,44.0349998,-92.4769974,773,0,0,1
2013-05-30 23:06:28,44.0349998,-92.4769974,773,0,0,1
2013-05-30 23:08:29,44.0349998,-92.4769974,773,0,0,1
2013-05-30 23:10:30,44.0349998,-92.4769974,773,0,0,1
2013-05-30 23:12:31,44.0349998,-92.4769974,773,0,0,1
2013-05-30 23:14:41,44.0349998,-92.4769974,773,0,0,1
2013-05-30 23:16:38,44.0349998,-92.4769974,773,0,0,1
2013-05-30 23:18:37,44.0349998,-92.4769974,773,0,0,1
2013-05-30 23:20:35,44.0349998,-92.4769974,773,0,0,1
2013-05-30 23:22:41,44.0349998,-92.4769974,773,0,0,1
2013-05-30 23:24:37,44.0349998,-92.4769974,773,0,0,1
2013-05-30 23:26:38,44.0349998,-92.4769974,773,0,0,1
2013-05-30 23:39:49,44.0349998,-92.4769974,773,0,0,1
2013-05-30 23:41:50,44.0349998,-92.4769974,773,0,0,1
2013-05-30 23:43:51,44.0349998,-92.4769974,923,197,0,1
2013-05-30 23:45:52,44.0349998,-92.4769974,923,197,0,1
2013-05-30 23:47:53,44.0349998,-92.4769974,923,197,0,1
2013-05-30 23:49:54,44.0349998,-92.4769974,910,142,0,1
2013-05-30 23:51:58,44.0349998,-92.4769974,910,142,0,1
2013-05-30 23:53:56,44.0349998,-92.4769974,910,142,0,1
2013-05-30 23:56:00,44.0349998,-92.4769974,910,142,0,1
2013-05-30 23:58:01,44.0349998,-92.4769974,910,142,0,1
2013-05-30 23:59:59,44.0349998,-92.4769974,910,142,0,1
2013-05-31 00:02:00,44.0349998,-92.4769974,910,142,0,1
2013-05-31 00:04:01,44.0349998,-92.4769974,910,142,0,1
2013-05-31 00:06:05,44.0349998,-92.4769974,910,142,0,1
2013-05-31 00:08:26,44.0349998,-92.4769974,944,0,0,1
2013-05-31 00:10:27,44.0349998,-92.4769974,0,0,0,0
2013-05-31 00:12:28,44.0349998,-92.4769974,0,0,0,0
2013-05-31 00:14:29,44.0349998,-92.4769974,0,0,0,0
2013-05-31 00:16:30,44.0349998,-92.4769974,0,0,0,0
2013-05-31 00:18:31,44.0349998,-92.4769974,0,0,0,0
2013-05-31 00:20:32,44.0349998,-92.4759979,850,107,0,1
2013-05-31 00:22:33,44.0349998,-92.4769974,848,86,0,1
2013-05-31 00:24:34,44.0349998,-92.4769974,848,86,0,1
2013-05-31 00:26:35,44.0349998,-92.4769974,848,86,0,1
2013-05-31 00:28:36,44.0349998,-92.4769974,848,86,0,1
2013-05-31 00:30:37,44.0349998,-92.4769974,848,86,0,1
2013-05-31 00:32:38,44.0349998,-92.4769974,848,86,0,1
2013-05-31 00:34:39,44.0349998,-92.4769974,848,86,0,1
2013-05-31 00:36:49,44.0349998,-92.4769974,848,86,0,1
2013-05-31 00:38:41,44.0349998,-92.4769974,848,86,0,1
2013-05-31 00:51:38,44.0349998,-92.4769974,1045,0,0,1
2013-05-31 00:53:39,44.0349998,-92.4769974,1045,0,0,1
2013-05-31 00:55:40,44.0349998,-92.4769974,1045,0,0,1
2013-05-31 00:57:42,44.0349998,-92.4769974,894,0,0,1
2013-05-31 00:59:42,44.0349998,-92.4769974,0,0,0,0
2013-05-31 01:01:52,44.0349998,-92.4769974,0,0,0,0
2013-05-31 01:03:47,44.0349998,-92.4769974,0,0,0,0
2013-05-31 01:05:45,44.0349998,-92.4769974,0,0,0,0
2013-05-31 01:07:46,44.0349998,-92.4759979,933,0,0,1
2013-05-31 01:09:47,44.0349998,-92.4769974,929,0,0,1
2013-05-31 01:11:48,44.0349998,-92.4769974,929,0,0,1
2013-05-31 01:13:49,44.0349998,-92.4769974,929,0,0,1
2013-05-31 01:15:50,44.0349998,-92.4769974,929,0,0,1
2013-05-31 01:17:51,44.0349998,-92.4769974,929,0,0,1
2013-05-31 01:19:52,44.0349998,-92.4769974,929,0,0,1
2013-05-31 01:21:53,44.0349998,-92.4769974,929,0,0,1
2013-05-31 01:23:54,44.0349998,-92.4769974,929,0,0,1
2013-05-31 01:26:04,44.0349998,-92.4769974,929,0,0,1
2013-05-31 01:47:00,44.0349998,-92.4759979,891,106,0,1
2013-05-31 01:49:00,44.0349998,-92.4759979,891,106,0,1
2013-05-31 01:51:01,44.0349998,-92.4759979,891,106,0,1
2013-05-31 01:53:02,44.0349998,-92.4759979,891,106,0,1
2013-05-31 01:55:03,44.0349998,-92.4759979,891,106,0,1
2013-05-31 01:57:04,44.0349998,-92.4759979,891,106,0,1
2013-05-31 01:59:05,44.0349998,-92.4769974,924,106,0,1
2013-05-31 02:01:15,44.0349998,-92.4769974,924,106,0,1
2013-05-31 02:03:10,44.0349998,-92.4769974,924,106,0,1
2013-05-31 02:05:08,44.0349998,-92.4769974,924,106,0,1
2013-05-31 02:07:09,44.0349998,-92.4769974,924,106,0,1
2013-05-31 02:09:10,44.0349998,-92.4769974,924,106,0,1
2013-05-31 02:11:11,44.0349998,-92.4769974,924,106,0,1
2013-05-31 02:13:12,44.0349998,-92.4769974,924,106,0,1
2013-05-31 02:15:16,44.0349998,-92.4769974,924,106,0,1
2013-05-31 02:17:17,44.0349998,-92.4769974,924,106,0,1
2013-05-31 02:19:18,44.0349998,-92.4769974,924,106,0,1
2013-05-31 02:21:19,44.0349998,-92.4769974,924,106,0,1
2013-05-31 02:23:20,44.0349998,-92.4769974,924,106,0,1
2013-05-31 02:25:21,44.0349998,-92.4769974,924,106,0,1
2013-05-31 02:27:22,44.0349998,-92.4769974,924,106,0,1
2013-05-31 02:29:23,44.0349998,-92.4769974,924,106,0,1
2013-05-31 02:31:24,44.0349998,-92.4769974,924,106,0,1
2013-05-31 02:33:25,44.0349998,-92.4769974,924,106,0,1
2013-05-31 02:35:26,44.0349998,-92.4769974,924,106,0,1
2013-05-31 02:37:36,44.0349998,-92.4769974,924,106,0,1
2013-05-31 02:39:31,44.0349998,-92.4769974,924,106,0,1
2013-05-31 02:41:32,44.0349998,-92.4769974,924,106,0,1
2013-05-31 02:43:39,44.0349998,-92.4769974,924,106,0,1
2013-05-31 02:45:31,44.0349998,-92.4769974,924,106,0,1
2013-05-31 02:47:34,44.0349998,-92.4769974,924,106,0,1
2013-05-31 02:49:34,44.0349998,-92.4769974,924,106,0,1
2013-05-31 02:51:35,44.0349998,-92.4769974,924,106,0,1
2013-05-31 02:53:36,44.0349998,-92.4769974,924,106,0,1
2013-05-31 02:55:37,44.0349998,-92.4769974,924,106,0,1
2013-05-31 02:57:38,44.0349998,-92.4769974,924,106,0,1
2013-05-31 02:59:42,44.0349998,-92.4769974,924,106,0,1
2013-05-31 03:58:53,44.0349998,-92.4769974,924,106,0,1
2013-05-31 04:01:29,44.0349998,-92.4769974,0,0,0,0
2013-05-31 18:55:24,44.0029984,-92.4800034,0,0,0,0
2013-05-31 19:37:03,44.0349998,-92.4769974,0,0,0,0
2013-05-31 19:54:15,44.0349998,-92.4769974,789,0,0,1
2013-05-31 19:56:16,44.0349998,-92.4769974,789,0,0,1
2013-05-31 19:58:17,44.0349998,-92.4769974,789,0,0,1
2013-05-31 20:12:25,44.0349998,-92.4769974,920,0,0,1
2013-05-31 20:14:27,44.0349998,-92.4769974,920,0,0,1
2013-05-31 20:16:28,44.0349998,-92.4769974,920,0,0,1
2013-05-31 20:18:29,44.0349998,-92.4769974,920,0,0,1
2013-05-31 20:20:30,44.0349998,-92.4769974,920,0,0,1
2013-05-31 20:22:31,44.0349998,-92.4769974,920,0,0,1
2013-05-31 20:24:32,44.0349998,-92.4769974,920,0,0,1
2013-05-31 20:26:33,44.0349998,-92.4769974,920,0,0,1
2013-05-31 20:28:37,44.0349998,-92.4769974,920,0,0,1
2013-05-31 20:30:35,44.0349998,-92.4769974,920,0,0,1
2013-05-31 20:32:36,44.0349998,-92.4769974,920,0,0,1
2013-05-31 20:34:38,44.0349998,-92.4769974,920,0,0,1
2013-05-31 21:04:58,44.0349998,-92.4769974,938,0,0,1
2013-05-31 21:06:59,44.0349998,-92.4769974,938,0,0,1
2013-05-31 21:09:00,44.0349998,-92.4769974,938,0,0,1
2013-05-31 21:11:01,44.0349998,-92.4769974,938,0,0,1
2013-05-31 21:13:02,44.0349998,-92.4769974,938,0,0,1
2013-05-31 21:15:03,44.0349998,-92.4769974,938,0,0,1
2013-05-31 21:17:04,44.0349998,-92.4769974,938,0,0,1
2013-05-31 21:19:05,44.0349998,-92.4769974,938,0,0,1
2013-05-31 21:21:06,44.0349998,-92.4769974,938,0,0,1
2013-05-31 21:23:08,44.0349998,-92.4769974,938,0,0,1
2013-05-31 21:25:11,44.0349998,-92.4769974,938,0,0,1
2013-05-31 21:27:13,44.0349998,-92.4769974,938,0,0,1
2013-05-31 21:29:12,44.0349998,-92.4769974,938,0,0,1
2013-05-31 21:31:14,44.0349998,-92.4769974,938,0,0,1
2013-05-31 21:33:15,44.0349998,-92.4769974,938,0,0,1
2013-05-31 21:55:10,44.0349998,-92.4769974,952,155,0,1
2013-05-31 21:57:12,44.0349998,-92.4769974,952,155,0,1
2013-05-31 21:59:13,44.0349998,-92.4769974,952,155,0,1
2013-05-31 22:01:14,44.0349998,-92.4769974,952,155,0,1
2013-05-31 22:03:15,44.0349998,-92.4769974,952,155,0,1
2013-05-31 22:05:16,44.0349998,-92.4769974,952,155,0,1
2013-05-31 22:07:17,44.0349998,-92.4769974,952,155,0,1
2013-05-31 22:09:18,44.0349998,-92.4769974,952,155,0,1
2013-05-31 22:11:19,44.0349998,-92.4769974,952,155,0,1
2013-05-31 22:13:20,44.0349998,-92.4769974,952,155,0,1
2013-05-31 22:15:21,44.0349998,-92.4779968,904,320,0,1
2013-05-31 22:17:22,44.0349998,-92.4769974,887,320,0,1
2013-05-31 22:19:23,44.0349998,-92.4769974,887,320,0,1
2013-05-31 22:21:24,44.0349998,-92.4769974,887,320,0,1
2013-05-31 22:23:26,44.0349998,-92.4769974,887,320,0,1
2013-05-31 22:25:27,44.0349998,-92.4769974,887,320,0,1
2013-05-31 22:27:28,44.0349998,-92.4769974,887,320,0,1
2013-05-31 22:29:32,44.0349998,-92.4769974,887,320,0,1
2013-05-31 22:31:31,44.0349998,-92.4769974,887,320,0,1
2013-05-31 22:33:32,44.0349998,-92.4769974,887,320,0,1
2013-05-31 22:35:38,44.0349998,-92.4769974,887,320,0,1
2013-05-31 22:37:39,44.0349998,-92.4769974,887,320,0,1
2013-05-31 22:42:15,44.0349998,-92.4769974,0,0,0,0
2013-05-31 22:44:16,44.0349998,-92.4769974,935,165,0,1
2013-05-31 22:46:17,44.0349998,-92.4769974,935,165,0,1
2013-05-31 22:48:18,44.0349998,-92.4769974,935,165,0,1
2013-05-31 22:50:19,44.0349998,-92.4769974,935,165,0,1
2013-05-31 22:52:20,44.0349998,-92.4769974,935,165,0,1
2013-05-31 22:54:21,44.0349998,-92.4769974,935,165,0,1
2013-05-31 22:58:06,44.0349998,-92.4769974,935,165,0,1
2013-05-31 23:11:56,44.0330009,-92.4779968,0,0,0,0
2013-05-31 23:17:53,44.0349998,-92.4769974,925,44,0,1
2013-05-31 23:20:03,44.0349998,-92.4769974,925,44,0,1
2013-06-01 00:02:52,43.9840012,-91.8970032,1066,358,0,1
2013-06-01 00:04:53,43.9339981,-91.8440018,0,0,0,0
2013-06-01 00:07:05,43.9339981,-91.8440018,0,0,0,0
2013-06-01 00:09:06,43.9339981,-91.8440018,0,0,0,0
2013-06-01 00:11:23,43.9339981,-91.8440018,0,0,0,0
2013-06-01 00:13:24,43.9339981,-91.8440018,0,0,0,0
2013-06-01 00:15:26,43.9339981,-91.8440018,0,0,0,0
2013-06-01 00:17:28,43.9339981,-91.8440018,0,0,0,0
2013-06-01 00:19:29,43.9850006,-91.8789978,1087,67,0,1
2013-06-01 00:21:33,43.9879990,-91.8460007,1088,91,0,1
2013-06-01 00:44:34,44.0279999,-91.7220001,1095,39,0,1
2013-06-01 00:45:50,44.0299988,-91.7200012,0,0,0,0
2013-06-01 00:48:16,44.0299988,-91.7200012,0,0,0,0
2013-06-01 00:50:21,44.0299988,-91.7200012,0,0,0,0
2013-06-01 00:53:11,44.0299988,-91.7200012,0,0,0,0
2013-06-01 01:11:16,43.9570007,-92.1679993,0,0,0,0
2013-06-01 01:15:55,43.9570007,-92.1679993,0,0,0,0
2013-06-01 01:17:56,43.9570007,-92.1679993,0,0,0,0
2013-06-01 01:23:41,43.9519997,-92.0370026,0,0,0,0
2013-06-01 01:31:18,43.9360008,-91.8779984,0,0,0,0
2013-06-01 01:58:16,43.9889984,-92.3399963,0,0,0,0
2013-06-01 01:59:32,43.9889984,-92.3399963,0,0,0,0
2013-06-01 02:02:44,44.0000000,-92.3050003,1103,118,0,1
2013-06-01 02:11:47,44.0000000,-92.3050003,1094,0,0,1
2013-06-01 02:13:48,44.0000000,-92.3050003,1094,0,0,1
2013-06-01 02:15:49,44.0000000,-92.3050003,1094,0,0,1
2013-06-01 02:17:50,44.0000000,-92.3050003,1094,0,0,1
2013-06-01 02:19:51,44.0000000,-92.3050003,1094,0,0,1
2013-06-01 02:21:53,43.9790001,-92.3919983,0,0,0,0
2013-06-01 02:23:55,43.9790001,-92.3919983,0,0,0,0
2013-06-01 02:25:58,43.9790001,-92.3919983,0,0,0,0
2013-06-01 02:27:58,43.9790001,-92.3919983,0,0,0,0
2013-06-01 02:30:00,43.9790001,-92.3919983,0,0,0,0
2013-06-01 02:32:01,43.9790001,-92.3919983,0,0,0,0
2013-06-01 02:40:54,44.0000000,-92.3050003,1112,0,0,1
2013-06-01 02:42:55,43.9900017,-92.3960037,0,0,0,0
2013-06-01 02:44:56,43.9790001,-92.3919983,0,0,0,0
2013-06-01 02:46:57,43.9790001,-92.3919983,0,0,0,0
2013-06-01 02:48:58,43.9900017,-92.3960037,0,0,0,0
2013-06-01 02:50:59,43.9900017,-92.3960037,0,0,0,0
2013-06-01 02:53:00,43.9900017,-92.3960037,0,0,0,0
2013-06-01 02:55:02,43.9850006,-92.3939972,0,0,0,0
2013-06-01 02:57:02,43.9790001,-92.3919983,0,0,0,0
2013-06-01 02:59:03,43.9790001,-92.3919983,0,0,0,0
2013-06-01 03:01:07,43.9790001,-92.3919983,0,0,0,0
2013-06-01 03:03:08,43.9790001,-92.3919983,0,0,0,0
2013-06-01 03:04:51,43.9780006,-92.2829971,0,0,0,0
2013-06-01 03:05:09,43.9900017,-92.3960037,0,0,0,0
2013-06-01 03:07:10,43.9900017,-92.3960037,0,0,0,0
2013-06-01 03:09:11,43.9900017,-92.3960037,0,0,0,0
2013-06-01 03:11:12,43.9900017,-92.3960037,0,0,0,0
2013-06-01 03:13:13,43.9900017,-92.3960037,0,0,0,0
2013-06-01 03:15:14,43.9900017,-92.3960037,0,0,0,0
2013-06-01 03:17:15,43.9900017,-92.3960037,0,0,0,0
2013-06-01 03:20:01,43.9970016,-92.3550034,0,0,0,0
2013-06-01 03:22:03,43.9659996,-92.2310028,0,0,0,0
2013-06-01 03:22:32,43.9850006,-92.3939972,0,0,0,0
2013-06-01 03:30:07,43.9970016,-92.3550034,0,0,0,0
2013-06-01 03:46:24,44.0000000,-92.3050003,1140,0,0,1
2013-06-01 03:48:25,43.9570007,-92.1679993,0,0,0,0
2013-06-01 03:50:26,43.9799995,-92.3249969,0,0,0,0
2013-06-01 03:53:32,43.9790001,-92.3919983,0,0,0,0
2013-06-02 11:06:13,44.0349998,-92.4769974,0,0,0,0
2013-06-02 11:08:14,44.0349998,-92.4769974,760,0,0,1
2013-06-02 11:39:36,44.0349998,-92.4769974,0,0,0,0
2013-06-02 17:48:08,44.0349998,-92.4769974,881,48,0,1
2013-06-02 18:31:17,48.2455788,-102.2679672,0,-1,1,0
2013-06-02 19:15:43,48.2455788,-102.2679672,0,-1,1,0
2013-06-02 19:36:00,48.2455788,-102.2679672,0,-1,1,0
